
1) Граничная задача
-((x + 4) / (x + 5) * u')' + e^(x / 4) * u = 2 - x,   u'(-1) = u(1) = 0

2) Реализовать метод Ритца
Координатная система: (1 - x^2) * P[1,i](x), i = 0, 1, ...

3) Реализовать метод коллокации

Сравнивать значения будем при x = -0.5, 0, 0.5
(y*)(-0.5) = 0.721373,  (y*)(0) = 0.813764,  (y*)(0.5) = 0.541390

Результат работы программы:

Метод Ритца
Расширенная матрица системы (n = 7):
А =  [[ 3.19159271e+00  1.64815256e-01 -2.37661518e-01 -2.40658699e-02
  -2.64703031e-03 -1.98618366e-02 -1.17304952e-01]
 [ 1.64815256e-01  5.70815962e+00  2.08152734e-01 -2.24008044e-01
  -4.23768748e-02 -1.20461188e-01 -2.43098098e-01]
 [-2.37661518e-01  2.08152734e-01  8.64515584e+00  2.57528463e-01
  -3.16571398e-01 -3.05014207e-01 -1.28119818e+01]
 [-2.40658699e-02 -2.24008044e-01  2.57528463e-01  1.15776428e+01
   4.72820610e-02 -1.40215103e+01 -4.01558591e-01]
 [-2.64703031e-03 -4.23768748e-02 -3.16571398e-01  4.72820610e-02
   6.22196089e-01  3.37729007e-02 -2.85586818e-01]
 [-1.98618366e-02 -1.20461188e-01 -3.05014207e-01 -1.40215103e+01
   3.37729007e-02  1.78487044e+01  4.97928042e-01]
 [-1.17304952e-01 -2.43098098e-01 -1.28119818e+01 -4.01558591e-01
  -2.85586818e-01  4.97928042e-01  2.13234384e+01]]

Число обусловленности матрицы А =  144.65873550175561

b =
[[ 2.66666667]
 [-0.53333333]
 [ 0.        ]
 [ 0.        ]
 [ 0.        ]
 [ 0.        ]
 [ 0.        ]]

Коэффициенты разложения приближенного решения по координатным функциям:
[[ 0.89087907]
 [-0.12531923]
 [ 0.50868481]
 [-0.07193763]
 [ 0.40701931]
 [-0.05721905]
 [ 0.31454323]]

n  y(-0.5)    y(0)    y(0.5)   (y*)-y(-0.5) (y*)-y(0) (y*)-y(0.5)
3  0.72542  0.82406  0.54731     -0.00405   -0.01030    -0.00592
4  0.72546  0.82403  0.54728     -0.00408   -0.01027    -0.00589
5  0.72548  0.82381  0.54738     -0.00411   -0.01005    -0.00599
6  0.72581  0.82369  0.54695     -0.00444   -0.00992    -0.00556
7  0.83368  0.50937  0.64570     -0.11231    0.30440    -0.10431




Метод коллокации
Расширенная матрица системы (n = 7):
А =
[[ 1.78306808e+00  9.96801641e+00  2.84409325e+01  5.97094507e+01
   1.04500936e+02  1.61522399e+02  2.27407584e+02]
 [ 2.17351947e+00  8.54826962e+00  1.60387731e+01  1.69429370e+01
   4.43922866e+00 -2.09337617e+01 -4.84367413e+01]
 [ 2.56607654e+00  5.00406211e+00 -5.61860196e-01 -1.26193085e+01
  -1.40664068e+01  6.10423850e+00  2.92574843e+01]
 [ 2.60000000e+00 -8.00000000e-02 -7.95000000e+00  1.20000000e-01
   1.56250000e+01 -1.50000000e-01 -2.50468750e+01]
 [ 2.24867186e+00 -4.74008169e+00 -3.16320677e-01  1.18648254e+01
  -1.35635671e+01 -5.50909723e+00  2.78376935e+01]
 [ 1.75770145e+00 -7.56401191e+00  1.46049998e+01 -1.57026316e+01
   4.42206365e+00  1.88804839e+01 -4.43663979e+01]
 [ 1.42156721e+00 -8.63967676e+00  2.51742882e+01 -5.32992058e+01
   9.36787432e+01 -1.45150521e+02  2.04677392e+02]]

Число обусловленности матрицы А =  72.00777734417672

b =
[[1.02507209]
 [1.21816852]
 [1.56611626]
 [2.        ]
 [2.43388374]
 [2.78183148]
 [2.97492791]]

Коэффициенты разложения приближенного решения по координатным функциям:
[[ 8.43597171e-01]
 [-1.18787508e-01]
 [ 2.60937740e-02]
 [-1.16645784e-03]
 [ 3.08889421e-04]
 [-4.25777502e-06]
 [ 3.88078891e-06]]

n  y(-0.5)    y(0)    y(0.5)   (y*)-y(-0.5) (y*)-y(0) (y*)-y(0.5)
3  0.73071  0.82642  0.54608     -0.00933   -0.01266    -0.00469
4  0.72530  0.82298  0.54712     -0.00393   -0.00922    -0.00573
5  0.72545  0.82401  0.54728     -0.00408   -0.01024    -0.00589
6  0.72546  0.82403  0.54728     -0.00408   -0.01026    -0.00589
7  0.72546  0.82403  0.54728     -0.00408   -0.01026    -0.00589